n = 10, k = 10

Test 1 :

Iter 0 -> contraintes saturées : [(0, 1), (1, 2), (2, 3), (3, 4), (4, 5), (5, 6), (6, 7), (7, 8), (8, 9), (9, 10), (0, 1), (1, 2), (2, 3), (3, 4), (4, 5), (5, 6), (6, 7), (7, 8), (8, 9)]
Iter 1 -> contraintes saturées : [(0, 1), (1, 2), (2, 3), (3, 4), (4, 5), (5, 6), (6, 7), (7, 8), (8, 9), (9, 10), (0, 1), (1, 2), (2, 3), (3, 4), (4, 5), (5, 6), (6, 7), (7, 8), (8, 9), (2, 3), (3, 4)]
Iter 2 -> contraintes saturées : [(0, 1), (1, 2), (2, 3), (3, 4), (4, 5), (5, 6), (6, 7), (7, 8), (8, 9), (9, 10), (0, 1), (1, 2), (2, 3), (3, 4), (4, 5), (5, 6), (6, 7), (7, 8), (8, 9), (2, 3), (3, 4)]
Iter 3 -> contraintes saturées : [(0, 1), (1, 2), (2, 3), (3, 4), (4, 5), (5, 6), (6, 7), (7, 8), (8, 9), (9, 10), (0, 1), (1, 2), (2, 3), (3, 4), (4, 5), (5, 6), (6, 7), (7, 8), (8, 9), (2, 3), (3, 4)]
Iter 4 -> contraintes saturées : [(0, 1), (1, 2), (2, 3), (3, 4), (4, 5), (5, 6), (6, 7), (7, 8), (8, 9), (9, 10), (0, 1), (1, 2), (2, 3), (3, 4), (4, 5), (5, 6), (6, 7), (7, 8), (8, 9), (2, 3), (3, 4), (4, 5)]
Iter 5 -> contraintes saturées : [(0, 1), (1, 2), (2, 3), (3, 4), (4, 5), (5, 6), (6, 7), (7, 8), (8, 9), (9, 10), (0, 1), (1, 2), (2, 3), (3, 4), (4, 5), (5, 6), (6, 7), (7, 8), (8, 9), (2, 3), (3, 4), (4, 5), (3, 4)]
Iter 6 -> contraintes saturées : [(0, 1), (1, 2), (2, 3), (3, 4), (4, 5), (5, 6), (6, 7), (7, 8), (8, 9), (9, 10), (0, 1), (1, 2), (2, 3), (3, 4), (4, 5), (5, 6), (6, 7), (7, 8), (8, 9), (2, 3), (3, 4), (4, 5), (3, 4), (7, 8)]
Iter 7 -> contraintes saturées : [(0, 1), (1, 2), (2, 3), (3, 4), (4, 5), (5, 6), (6, 7), (7, 8), (8, 9), (9, 10), (0, 1), (1, 2), (2, 3), (3, 4), (4, 5), (5, 6), (6, 7), (7, 8), (8, 9), (2, 3), (3, 4), (4, 5), (3, 4), (7, 8)]
Iter 8 -> contraintes saturées : [(0, 1), (1, 2), (2, 3), (3, 4), (4, 5), (5, 6), (6, 7), (7, 8), (8, 9), (9, 10), (0, 1), (1, 2), (2, 3), (3, 4), (4, 5), (5, 6), (6, 7), (7, 8), (8, 9), (2, 3), (3, 4), (4, 5), (3, 4), (7, 8)]
Iter 9 -> contraintes saturées : [(0, 1), (1, 2), (2, 3), (3, 4), (4, 5), (5, 6), (6, 7), (7, 8), (8, 9), (9, 10), (0, 1), (1, 2), (2, 3), (3, 4), (4, 5), (5, 6), (6, 7), (7, 8), (8, 9), (2, 3), (3, 4), (4, 5), (3, 4), (7, 8)]
Iter 10 -> contraintes saturées : [(0, 1), (1, 2), (2, 3), (3, 4), (4, 5), (5, 6), (6, 7), (7, 8), (8, 9), (9, 10), (0, 1), (1, 2), (2, 3), (3, 4), (4, 5), (5, 6), (6, 7), (7, 8), (8, 9), (2, 3), (3, 4), (4, 5), (3, 4), (7, 8)]
Total constraints added: 24
[19, 21, 21, 21, 22, 23, 24, 24, 24, 24, 24]

Test 2 :

Iter 0 -> contraintes saturées : [(0, 1), (1, 2), (2, 3), (3, 4), (4, 5), (5, 6), (6, 7), (7, 8), (8, 9), (9, 10), (0, 1), (1, 2), (2, 3), (3, 4), (4, 5), (5, 6), (6, 7), (7, 8), (8, 9), (0, 1), (1, 2), (2, 3), (3, 4), (4, 5), (5, 6), (6, 7), (7, 8), (0, 1), (2, 3), (3, 4), (4, 5), (5, 6), (6, 7), (7, 8), (3, 4), (4, 5), (5, 6), (6, 7), (7, 8), (8, 9), (2, 3), (3, 4), (4, 5), (5, 6), (6, 7), (6, 7), (7, 8), (7, 8), (7, 8)]
Iter 1 -> contraintes saturées : [(0, 1), (1, 2), (2, 3), (3, 4), (4, 5), (5, 6), (6, 7), (7, 8), (8, 9), (9, 10), (0, 1), (1, 2), (2, 3), (3, 4), (4, 5), (5, 6), (6, 7), (7, 8), (8, 9), (0, 1), (1, 2), (2, 3), (3, 4), (4, 5), (5, 6), (6, 7), (7, 8), (0, 1), (2, 3), (3, 4), (4, 5), (5, 6), (6, 7), (7, 8), (3, 4), (4, 5), (5, 6), (6, 7), (7, 8), (8, 9), (2, 3), (3, 4), (4, 5), (5, 6), (6, 7), (6, 7), (7, 8), (7, 8), (7, 8), (5, 6), (6, 7), (7, 8), (8, 9)]
Iter 2 -> contraintes saturées : [(0, 1), (1, 2), (2, 3), (3, 4), (4, 5), (5, 6), (6, 7), (7, 8), (8, 9), (9, 10), (0, 1), (1, 2), (2, 3), (3, 4), (4, 5), (5, 6), (6, 7), (7, 8), (8, 9), (0, 1), (1, 2), (2, 3), (3, 4), (4, 5), (5, 6), (6, 7), (7, 8), (0, 1), (2, 3), (3, 4), (4, 5), (5, 6), (6, 7), (7, 8), (3, 4), (4, 5), (5, 6), (6, 7), (7, 8), (8, 9), (2, 3), (3, 4), (4, 5), (5, 6), (6, 7), (6, 7), (7, 8), (7, 8), (7, 8), (5, 6), (6, 7), (7, 8), (8, 9), (6, 7), (7, 8), (8, 9), (3, 4), (5, 6)]
Iter 3 -> contraintes saturées : [(0, 1), (1, 2), (2, 3), (3, 4), (4, 5), (5, 6), (6, 7), (7, 8), (8, 9), (9, 10), (0, 1), (1, 2), (2, 3), (3, 4), (4, 5), (5, 6), (6, 7), (7, 8), (8, 9), (0, 1), (1, 2), (2, 3), (3, 4), (4, 5), (5, 6), (6, 7), (7, 8), (0, 1), (2, 3), (3, 4), (4, 5), (5, 6), (6, 7), (7, 8), (3, 4), (4, 5), (5, 6), (6, 7), (7, 8), (8, 9), (2, 3), (3, 4), (4, 5), (5, 6), (6, 7), (6, 7), (7, 8), (7, 8), (7, 8), (5, 6), (6, 7), (7, 8), (8, 9), (6, 7), (7, 8), (8, 9), (3, 4), (5, 6)]
Iter 4 -> contraintes saturées : [(0, 1), (1, 2), (2, 3), (3, 4), (4, 5), (5, 6), (6, 7), (7, 8), (8, 9), (9, 10), (0, 1), (1, 2), (2, 3), (3, 4), (4, 5), (5, 6), (6, 7), (7, 8), (8, 9), (0, 1), (1, 2), (2, 3), (3, 4), (4, 5), (5, 6), (6, 7), (7, 8), (0, 1), (2, 3), (3, 4), (4, 5), (5, 6), (6, 7), (7, 8), (3, 4), (4, 5), (5, 6), (6, 7), (7, 8), (8, 9), (2, 3), (3, 4), (4, 5), (5, 6), (6, 7), (6, 7), (7, 8), (7, 8), (7, 8), (5, 6), (6, 7), (7, 8), (8, 9), (6, 7), (7, 8), (8, 9), (3, 4), (5, 6)]
Iter 5 -> contraintes saturées : [(0, 1), (1, 2), (2, 3), (3, 4), (4, 5), (5, 6), (6, 7), (7, 8), (8, 9), (9, 10), (0, 1), (1, 2), (2, 3), (3, 4), (4, 5), (5, 6), (6, 7), (7, 8), (8, 9), (0, 1), (1, 2), (2, 3), (3, 4), (4, 5), (5, 6), (6, 7), (7, 8), (0, 1), (2, 3), (3, 4), (4, 5), (5, 6), (6, 7), (7, 8), (3, 4), (4, 5), (5, 6), (6, 7), (7, 8), (8, 9), (2, 3), (3, 4), (4, 5), (5, 6), (6, 7), (6, 7), (7, 8), (7, 8), (7, 8), (5, 6), (6, 7), (7, 8), (8, 9), (6, 7), (7, 8), (8, 9), (3, 4), (5, 6)]
Iter 6 -> contraintes saturées : [(0, 1), (1, 2), (2, 3), (3, 4), (4, 5), (5, 6), (6, 7), (7, 8), (8, 9), (9, 10), (0, 1), (1, 2), (2, 3), (3, 4), (4, 5), (5, 6), (6, 7), (7, 8), (8, 9), (0, 1), (1, 2), (2, 3), (3, 4), (4, 5), (5, 6), (6, 7), (7, 8), (0, 1), (2, 3), (3, 4), (4, 5), (5, 6), (6, 7), (7, 8), (3, 4), (4, 5), (5, 6), (6, 7), (7, 8), (8, 9), (2, 3), (3, 4), (4, 5), (5, 6), (6, 7), (6, 7), (7, 8), (7, 8), (7, 8), (5, 6), (6, 7), (7, 8), (8, 9), (6, 7), (7, 8), (8, 9), (3, 4), (5, 6)]
Iter 7 -> contraintes saturées : [(0, 1), (1, 2), (2, 3), (3, 4), (4, 5), (5, 6), (6, 7), (7, 8), (8, 9), (9, 10), (0, 1), (1, 2), (2, 3), (3, 4), (4, 5), (5, 6), (6, 7), (7, 8), (8, 9), (0, 1), (1, 2), (2, 3), (3, 4), (4, 5), (5, 6), (6, 7), (7, 8), (0, 1), (2, 3), (3, 4), (4, 5), (5, 6), (6, 7), (7, 8), (3, 4), (4, 5), (5, 6), (6, 7), (7, 8), (8, 9), (2, 3), (3, 4), (4, 5), (5, 6), (6, 7), (6, 7), (7, 8), (7, 8), (7, 8), (5, 6), (6, 7), (7, 8), (8, 9), (6, 7), (7, 8), (8, 9), (3, 4), (5, 6)]
Iter 8 -> contraintes saturées : [(0, 1), (1, 2), (2, 3), (3, 4), (4, 5), (5, 6), (6, 7), (7, 8), (8, 9), (9, 10), (0, 1), (1, 2), (2, 3), (3, 4), (4, 5), (5, 6), (6, 7), (7, 8), (8, 9), (0, 1), (1, 2), (2, 3), (3, 4), (4, 5), (5, 6), (6, 7), (7, 8), (0, 1), (2, 3), (3, 4), (4, 5), (5, 6), (6, 7), (7, 8), (3, 4), (4, 5), (5, 6), (6, 7), (7, 8), (8, 9), (2, 3), (3, 4), (4, 5), (5, 6), (6, 7), (6, 7), (7, 8), (7, 8), (7, 8), (5, 6), (6, 7), (7, 8), (8, 9), (6, 7), (7, 8), (8, 9), (3, 4), (5, 6), (4, 5), (5, 6), (6, 7)]
Iter 9 -> contraintes saturées : [(0, 1), (1, 2), (2, 3), (3, 4), (4, 5), (5, 6), (6, 7), (7, 8), (8, 9), (9, 10), (0, 1), (1, 2), (2, 3), (3, 4), (4, 5), (5, 6), (6, 7), (7, 8), (8, 9), (0, 1), (1, 2), (2, 3), (3, 4), (4, 5), (5, 6), (6, 7), (7, 8), (0, 1), (2, 3), (3, 4), (4, 5), (5, 6), (6, 7), (7, 8), (3, 4), (4, 5), (5, 6), (6, 7), (7, 8), (8, 9), (2, 3), (3, 4), (4, 5), (5, 6), (6, 7), (6, 7), (7, 8), (7, 8), (7, 8), (5, 6), (6, 7), (7, 8), (8, 9), (6, 7), (7, 8), (8, 9), (3, 4), (5, 6), (4, 5), (5, 6), (6, 7), (5, 6)]
Iter 10 -> contraintes saturées : [(0, 1), (1, 2), (2, 3), (3, 4), (4, 5), (5, 6), (6, 7), (7, 8), (8, 9), (9, 10), (0, 1), (1, 2), (2, 3), (3, 4), (4, 5), (5, 6), (6, 7), (7, 8), (8, 9), (0, 1), (1, 2), (2, 3), (3, 4), (4, 5), (5, 6), (6, 7), (7, 8), (0, 1), (2, 3), (3, 4), (4, 5), (5, 6), (6, 7), (7, 8), (3, 4), (4, 5), (5, 6), (6, 7), (7, 8), (8, 9), (2, 3), (3, 4), (4, 5), (5, 6), (6, 7), (6, 7), (7, 8), (7, 8), (7, 8), (5, 6), (6, 7), (7, 8), (8, 9), (6, 7), (7, 8), (8, 9), (3, 4), (5, 6), (4, 5), (5, 6), (6, 7), (5, 6)]
Total constraints added: 62
[49, 53, 58, 58, 58, 58, 58, 58, 61, 62, 62]

n = 10, k = 5

Test 1 :

Iter 0 -> contraintes saturées : [(0, 1), (1, 2), (2, 3), (3, 4), (4, 5), (5, 6), (6, 7), (7, 8), (8, 9), (9, 10), (0, 1), (1, 2), (2, 3), (3, 4), (4, 5), (5, 6), (6, 7), (7, 8), (8, 9), (1, 2), (2, 3), (3, 4), (4, 5), (5, 6), (6, 7), (7, 8), (1, 2), (3, 4), (4, 5), (5, 6), (6, 7), (7, 8), (8, 9), (4, 5), (5, 6), (6, 7), (4, 5)]
Iter 1 -> contraintes saturées : [(0, 1), (1, 2), (2, 3), (3, 4), (4, 5), (5, 6), (6, 7), (7, 8), (8, 9), (9, 10), (0, 1), (1, 2), (2, 3), (3, 4), (4, 5), (5, 6), (6, 7), (7, 8), (8, 9), (1, 2), (2, 3), (3, 4), (4, 5), (5, 6), (6, 7), (7, 8), (1, 2), (3, 4), (4, 5), (5, 6), (6, 7), (7, 8), (8, 9), (4, 5), (5, 6), (6, 7), (4, 5)]
Iter 2 -> contraintes saturées : [(0, 1), (1, 2), (2, 3), (3, 4), (4, 5), (5, 6), (6, 7), (7, 8), (8, 9), (9, 10), (0, 1), (1, 2), (2, 3), (3, 4), (4, 5), (5, 6), (6, 7), (7, 8), (8, 9), (1, 2), (2, 3), (3, 4), (4, 5), (5, 6), (6, 7), (7, 8), (1, 2), (3, 4), (4, 5), (5, 6), (6, 7), (7, 8), (8, 9), (4, 5), (5, 6), (6, 7), (4, 5), (5, 6), (6, 7)]
Iter 3 -> contraintes saturées : [(0, 1), (1, 2), (2, 3), (3, 4), (4, 5), (5, 6), (6, 7), (7, 8), (8, 9), (9, 10), (0, 1), (1, 2), (2, 3), (3, 4), (4, 5), (5, 6), (6, 7), (7, 8), (8, 9), (1, 2), (2, 3), (3, 4), (4, 5), (5, 6), (6, 7), (7, 8), (1, 2), (3, 4), (4, 5), (5, 6), (6, 7), (7, 8), (8, 9), (4, 5), (5, 6), (6, 7), (4, 5), (5, 6), (6, 7), (0, 1), (1, 2), (0, 1)]
Iter 4 -> contraintes saturées : [(0, 1), (1, 2), (2, 3), (3, 4), (4, 5), (5, 6), (6, 7), (7, 8), (8, 9), (9, 10), (0, 1), (1, 2), (2, 3), (3, 4), (4, 5), (5, 6), (6, 7), (7, 8), (8, 9), (1, 2), (2, 3), (3, 4), (4, 5), (5, 6), (6, 7), (7, 8), (1, 2), (3, 4), (4, 5), (5, 6), (6, 7), (7, 8), (8, 9), (4, 5), (5, 6), (6, 7), (4, 5), (5, 6), (6, 7), (0, 1), (1, 2), (0, 1)]
Iter 5 -> contraintes saturées : [(0, 1), (1, 2), (2, 3), (3, 4), (4, 5), (5, 6), (6, 7), (7, 8), (8, 9), (9, 10), (0, 1), (1, 2), (2, 3), (3, 4), (4, 5), (5, 6), (6, 7), (7, 8), (8, 9), (1, 2), (2, 3), (3, 4), (4, 5), (5, 6), (6, 7), (7, 8), (1, 2), (3, 4), (4, 5), (5, 6), (6, 7), (7, 8), (8, 9), (4, 5), (5, 6), (6, 7), (4, 5), (5, 6), (6, 7), (0, 1), (1, 2), (0, 1)]
Iter 6 -> contraintes saturées : [(0, 1), (1, 2), (2, 3), (3, 4), (4, 5), (5, 6), (6, 7), (7, 8), (8, 9), (9, 10), (0, 1), (1, 2), (2, 3), (3, 4), (4, 5), (5, 6), (6, 7), (7, 8), (8, 9), (1, 2), (2, 3), (3, 4), (4, 5), (5, 6), (6, 7), (7, 8), (1, 2), (3, 4), (4, 5), (5, 6), (6, 7), (7, 8), (8, 9), (4, 5), (5, 6), (6, 7), (4, 5), (5, 6), (6, 7), (0, 1), (1, 2), (0, 1)]
Iter 7 -> contraintes saturées : [(0, 1), (1, 2), (2, 3), (3, 4), (4, 5), (5, 6), (6, 7), (7, 8), (8, 9), (9, 10), (0, 1), (1, 2), (2, 3), (3, 4), (4, 5), (5, 6), (6, 7), (7, 8), (8, 9), (1, 2), (2, 3), (3, 4), (4, 5), (5, 6), (6, 7), (7, 8), (1, 2), (3, 4), (4, 5), (5, 6), (6, 7), (7, 8), (8, 9), (4, 5), (5, 6), (6, 7), (4, 5), (5, 6), (6, 7), (0, 1), (1, 2), (0, 1)]
Iter 8 -> contraintes saturées : [(0, 1), (1, 2), (2, 3), (3, 4), (4, 5), (5, 6), (6, 7), (7, 8), (8, 9), (9, 10), (0, 1), (1, 2), (2, 3), (3, 4), (4, 5), (5, 6), (6, 7), (7, 8), (8, 9), (1, 2), (2, 3), (3, 4), (4, 5), (5, 6), (6, 7), (7, 8), (1, 2), (3, 4), (4, 5), (5, 6), (6, 7), (7, 8), (8, 9), (4, 5), (5, 6), (6, 7), (4, 5), (5, 6), (6, 7), (0, 1), (1, 2), (0, 1)]
Iter 9 -> contraintes saturées : [(0, 1), (1, 2), (2, 3), (3, 4), (4, 5), (5, 6), (6, 7), (7, 8), (8, 9), (9, 10), (0, 1), (1, 2), (2, 3), (3, 4), (4, 5), (5, 6), (6, 7), (7, 8), (8, 9), (1, 2), (2, 3), (3, 4), (4, 5), (5, 6), (6, 7), (7, 8), (1, 2), (3, 4), (4, 5), (5, 6), (6, 7), (7, 8), (8, 9), (4, 5), (5, 6), (6, 7), (4, 5), (5, 6), (6, 7), (0, 1), (1, 2), (0, 1), (7, 8)]
Iter 10 -> contraintes saturées : [(0, 1), (1, 2), (2, 3), (3, 4), (4, 5), (5, 6), (6, 7), (7, 8), (8, 9), (9, 10), (0, 1), (1, 2), (2, 3), (3, 4), (4, 5), (5, 6), (6, 7), (7, 8), (8, 9), (1, 2), (2, 3), (3, 4), (4, 5), (5, 6), (6, 7), (7, 8), (1, 2), (3, 4), (4, 5), (5, 6), (6, 7), (7, 8), (8, 9), (4, 5), (5, 6), (6, 7), (4, 5), (5, 6), (6, 7), (0, 1), (1, 2), (0, 1), (7, 8)]
Total constraints added: 43
[37, 37, 39, 42, 42, 42, 42, 42, 42, 43, 43]

Test 2 :

Iter 0 -> contraintes saturées : [(0, 1), (1, 2), (2, 3), (3, 4), (4, 5), (5, 6), (6, 7), (7, 8), (8, 9), (9, 10), (0, 1), (1, 2), (2, 3), (3, 4), (4, 5), (5, 6), (6, 7), (7, 8), (8, 9), (0, 1), (1, 2), (2, 3), (3, 4), (4, 5), (5, 6), (6, 7), (7, 8), (8, 9), (1, 2), (2, 3), (3, 4), (5, 6), (6, 7), (7, 8), (8, 9), (3, 4), (4, 5)]
Iter 1 -> contraintes saturées : [(0, 1), (1, 2), (2, 3), (3, 4), (4, 5), (5, 6), (6, 7), (7, 8), (8, 9), (9, 10), (0, 1), (1, 2), (2, 3), (3, 4), (4, 5), (5, 6), (6, 7), (7, 8), (8, 9), (0, 1), (1, 2), (2, 3), (3, 4), (4, 5), (5, 6), (6, 7), (7, 8), (8, 9), (1, 2), (2, 3), (3, 4), (5, 6), (6, 7), (7, 8), (8, 9), (3, 4), (4, 5), (4, 5), (5, 6), (6, 7), (3, 4), (4, 5), (7, 8)]
Iter 2 -> contraintes saturées : [(0, 1), (1, 2), (2, 3), (3, 4), (4, 5), (5, 6), (6, 7), (7, 8), (8, 9), (9, 10), (0, 1), (1, 2), (2, 3), (3, 4), (4, 5), (5, 6), (6, 7), (7, 8), (8, 9), (0, 1), (1, 2), (2, 3), (3, 4), (4, 5), (5, 6), (6, 7), (7, 8), (8, 9), (1, 2), (2, 3), (3, 4), (5, 6), (6, 7), (7, 8), (8, 9), (3, 4), (4, 5), (4, 5), (5, 6), (6, 7), (3, 4), (4, 5), (7, 8), (3, 4), (4, 5), (5, 6), (6, 7), (7, 8), (5, 6), (6, 7)]
Iter 3 -> contraintes saturées : [(0, 1), (1, 2), (2, 3), (3, 4), (4, 5), (5, 6), (6, 7), (7, 8), (8, 9), (9, 10), (0, 1), (1, 2), (2, 3), (3, 4), (4, 5), (5, 6), (6, 7), (7, 8), (8, 9), (0, 1), (1, 2), (2, 3), (3, 4), (4, 5), (5, 6), (6, 7), (7, 8), (8, 9), (1, 2), (2, 3), (3, 4), (5, 6), (6, 7), (7, 8), (8, 9), (3, 4), (4, 5), (4, 5), (5, 6), (6, 7), (3, 4), (4, 5), (7, 8), (3, 4), (4, 5), (5, 6), (6, 7), (7, 8), (5, 6), (6, 7), (2, 3), (3, 4), (2, 3)]
Iter 4 -> contraintes saturées : [(0, 1), (1, 2), (2, 3), (3, 4), (4, 5), (5, 6), (6, 7), (7, 8), (8, 9), (9, 10), (0, 1), (1, 2), (2, 3), (3, 4), (4, 5), (5, 6), (6, 7), (7, 8), (8, 9), (0, 1), (1, 2), (2, 3), (3, 4), (4, 5), (5, 6), (6, 7), (7, 8), (8, 9), (1, 2), (2, 3), (3, 4), (5, 6), (6, 7), (7, 8), (8, 9), (3, 4), (4, 5), (4, 5), (5, 6), (6, 7), (3, 4), (4, 5), (7, 8), (3, 4), (4, 5), (5, 6), (6, 7), (7, 8), (5, 6), (6, 7), (2, 3), (3, 4), (2, 3), (4, 5), (5, 6), (6, 7), (7, 8), (6, 7), (8, 9)]
Iter 5 -> contraintes saturées : [(0, 1), (1, 2), (2, 3), (3, 4), (4, 5), (5, 6), (6, 7), (7, 8), (8, 9), (9, 10), (0, 1), (1, 2), (2, 3), (3, 4), (4, 5), (5, 6), (6, 7), (7, 8), (8, 9), (0, 1), (1, 2), (2, 3), (3, 4), (4, 5), (5, 6), (6, 7), (7, 8), (8, 9), (1, 2), (2, 3), (3, 4), (5, 6), (6, 7), (7, 8), (8, 9), (3, 4), (4, 5), (4, 5), (5, 6), (6, 7), (3, 4), (4, 5), (7, 8), (3, 4), (4, 5), (5, 6), (6, 7), (7, 8), (5, 6), (6, 7), (2, 3), (3, 4), (2, 3), (4, 5), (5, 6), (6, 7), (7, 8), (6, 7), (8, 9), (2, 3), (3, 4), (4, 5), (5, 6), (6, 7), (4, 5), (5, 6), (6, 7), (7, 8), (4, 5), (5, 6)]
Iter 6 -> contraintes saturées : [(0, 1), (1, 2), (2, 3), (3, 4), (4, 5), (5, 6), (6, 7), (7, 8), (8, 9), (9, 10), (0, 1), (1, 2), (2, 3), (3, 4), (4, 5), (5, 6), (6, 7), (7, 8), (8, 9), (0, 1), (1, 2), (2, 3), (3, 4), (4, 5), (5, 6), (6, 7), (7, 8), (8, 9), (1, 2), (2, 3), (3, 4), (5, 6), (6, 7), (7, 8), (8, 9), (3, 4), (4, 5), (4, 5), (5, 6), (6, 7), (3, 4), (4, 5), (7, 8), (3, 4), (4, 5), (5, 6), (6, 7), (7, 8), (5, 6), (6, 7), (2, 3), (3, 4), (2, 3), (4, 5), (5, 6), (6, 7), (7, 8), (6, 7), (8, 9), (2, 3), (3, 4), (4, 5), (5, 6), (6, 7), (4, 5), (5, 6), (6, 7), (7, 8), (4, 5), (5, 6)]
Iter 7 -> contraintes saturées : [(0, 1), (1, 2), (2, 3), (3, 4), (4, 5), (5, 6), (6, 7), (7, 8), (8, 9), (9, 10), (0, 1), (1, 2), (2, 3), (3, 4), (4, 5), (5, 6), (6, 7), (7, 8), (8, 9), (0, 1), (1, 2), (2, 3), (3, 4), (4, 5), (5, 6), (6, 7), (7, 8), (8, 9), (1, 2), (2, 3), (3, 4), (5, 6), (6, 7), (7, 8), (8, 9), (3, 4), (4, 5), (4, 5), (5, 6), (6, 7), (3, 4), (4, 5), (7, 8), (3, 4), (4, 5), (5, 6), (6, 7), (7, 8), (5, 6), (6, 7), (2, 3), (3, 4), (2, 3), (4, 5), (5, 6), (6, 7), (7, 8), (6, 7), (8, 9), (2, 3), (3, 4), (4, 5), (5, 6), (6, 7), (4, 5), (5, 6), (6, 7), (7, 8), (4, 5), (5, 6)]
Iter 8 -> contraintes saturées : [(0, 1), (1, 2), (2, 3), (3, 4), (4, 5), (5, 6), (6, 7), (7, 8), (8, 9), (9, 10), (0, 1), (1, 2), (2, 3), (3, 4), (4, 5), (5, 6), (6, 7), (7, 8), (8, 9), (0, 1), (1, 2), (2, 3), (3, 4), (4, 5), (5, 6), (6, 7), (7, 8), (8, 9), (1, 2), (2, 3), (3, 4), (5, 6), (6, 7), (7, 8), (8, 9), (3, 4), (4, 5), (4, 5), (5, 6), (6, 7), (3, 4), (4, 5), (7, 8), (3, 4), (4, 5), (5, 6), (6, 7), (7, 8), (5, 6), (6, 7), (2, 3), (3, 4), (2, 3), (4, 5), (5, 6), (6, 7), (7, 8), (6, 7), (8, 9), (2, 3), (3, 4), (4, 5), (5, 6), (6, 7), (4, 5), (5, 6), (6, 7), (7, 8), (4, 5), (5, 6)]
Iter 9 -> contraintes saturées : [(0, 1), (1, 2), (2, 3), (3, 4), (4, 5), (5, 6), (6, 7), (7, 8), (8, 9), (9, 10), (0, 1), (1, 2), (2, 3), (3, 4), (4, 5), (5, 6), (6, 7), (7, 8), (8, 9), (0, 1), (1, 2), (2, 3), (3, 4), (4, 5), (5, 6), (6, 7), (7, 8), (8, 9), (1, 2), (2, 3), (3, 4), (5, 6), (6, 7), (7, 8), (8, 9), (3, 4), (4, 5), (4, 5), (5, 6), (6, 7), (3, 4), (4, 5), (7, 8), (3, 4), (4, 5), (5, 6), (6, 7), (7, 8), (5, 6), (6, 7), (2, 3), (3, 4), (2, 3), (4, 5), (5, 6), (6, 7), (7, 8), (6, 7), (8, 9), (2, 3), (3, 4), (4, 5), (5, 6), (6, 7), (4, 5), (5, 6), (6, 7), (7, 8), (4, 5), (5, 6)]
Iter 10 -> contraintes saturées : [(0, 1), (1, 2), (2, 3), (3, 4), (4, 5), (5, 6), (6, 7), (7, 8), (8, 9), (9, 10), (0, 1), (1, 2), (2, 3), (3, 4), (4, 5), (5, 6), (6, 7), (7, 8), (8, 9), (0, 1), (1, 2), (2, 3), (3, 4), (4, 5), (5, 6), (6, 7), (7, 8), (8, 9), (1, 2), (2, 3), (3, 4), (5, 6), (6, 7), (7, 8), (8, 9), (3, 4), (4, 5), (4, 5), (5, 6), (6, 7), (3, 4), (4, 5), (7, 8), (3, 4), (4, 5), (5, 6), (6, 7), (7, 8), (5, 6), (6, 7), (2, 3), (3, 4), (2, 3), (4, 5), (5, 6), (6, 7), (7, 8), (6, 7), (8, 9), (2, 3), (3, 4), (4, 5), (5, 6), (6, 7), (4, 5), (5, 6), (6, 7), (7, 8), (4, 5), (5, 6)]
Total constraints added: 70
[37, 43, 50, 53, 59, 70, 70, 70, 70, 70, 70]

n = 5, k = 5

Test 1 :
Iter 0 -> contraintes saturées : [(0, 1), (1, 2), (2, 3), (3, 4), (4, 5), (1, 2)]
Iter 1 -> contraintes saturées : [(0, 1), (1, 2), (2, 3), (3, 4), (4, 5), (1, 2), (0, 1), (1, 2), (2, 3)]
Iter 2 -> contraintes saturées : [(0, 1), (1, 2), (2, 3), (3, 4), (4, 5), (1, 2), (0, 1), (1, 2), (2, 3), (1, 2), (2, 3)]
Iter 3 -> contraintes saturées : [(0, 1), (1, 2), (2, 3), (3, 4), (4, 5), (1, 2), (0, 1), (1, 2), (2, 3), (1, 2), (2, 3), (0, 1), (1, 2)]
Iter 4 -> contraintes saturées : [(0, 1), (1, 2), (2, 3), (3, 4), (4, 5), (1, 2), (0, 1), (1, 2), (2, 3), (1, 2), (2, 3), (0, 1), (1, 2)]
Iter 5 -> contraintes saturées : [(0, 1), (1, 2), (2, 3), (3, 4), (4, 5), (1, 2), (0, 1), (1, 2), (2, 3), (1, 2), (2, 3), (0, 1), (1, 2)]
Total constraints added: 13
[6, 9, 11, 13, 13, 13]

Test 2 :
Iter 0 -> contraintes saturées : [(0, 1), (1, 2), (2, 3), (3, 4), (4, 5), (0, 1), (1, 2), (2, 3), (3, 4)]
Iter 1 -> contraintes saturées : [(0, 1), (1, 2), (2, 3), (3, 4), (4, 5), (0, 1), (1, 2), (2, 3), (3, 4), (0, 1)]
Iter 2 -> contraintes saturées : [(0, 1), (1, 2), (2, 3), (3, 4), (4, 5), (0, 1), (1, 2), (2, 3), (3, 4), (0, 1), (1, 2), (2, 3)]
Iter 3 -> contraintes saturées : [(0, 1), (1, 2), (2, 3), (3, 4), (4, 5), (0, 1), (1, 2), (2, 3), (3, 4), (0, 1), (1, 2), (2, 3)]
Iter 4 -> contraintes saturées : [(0, 1), (1, 2), (2, 3), (3, 4), (4, 5), (0, 1), (1, 2), (2, 3), (3, 4), (0, 1), (1, 2), (2, 3), (1, 2), (2, 3)]
Iter 5 -> contraintes saturées : [(0, 1), (1, 2), (2, 3), (3, 4), (4, 5), (0, 1), (1, 2), (2, 3), (3, 4), (0, 1), (1, 2), (2, 3), (1, 2), (2, 3)]
Total constraints added: 14
[9, 10, 12, 12, 14, 14]

Test 3 :
Iter 0 -> contraintes saturées : [(0, 1), (1, 2), (2, 3), (3, 4), (4, 5), (0, 1), (1, 2)]
Iter 1 -> contraintes saturées : [(0, 1), (1, 2), (2, 3), (3, 4), (4, 5), (0, 1), (1, 2), (2, 3)]
Iter 2 -> contraintes saturées : [(0, 1), (1, 2), (2, 3), (3, 4), (4, 5), (0, 1), (1, 2), (2, 3)]
Iter 3 -> contraintes saturées : [(0, 1), (1, 2), (2, 3), (3, 4), (4, 5), (0, 1), (1, 2), (2, 3), (1, 2), (2, 3)]
Iter 4 -> contraintes saturées : [(0, 1), (1, 2), (2, 3), (3, 4), (4, 5), (0, 1), (1, 2), (2, 3), (1, 2), (2, 3)]
Iter 5 -> contraintes saturées : [(0, 1), (1, 2), (2, 3), (3, 4), (4, 5), (0, 1), (1, 2), (2, 3), (1, 2), (2, 3)]
Total constraints added: 10
[7, 8, 8, 10, 10, 10]

n = 5, k = 2

Test 1 :
Iter 0 -> contraintes saturées : [(0, 1), (1, 2), (2, 3), (3, 4), (4, 5), (1, 2), (2, 3), (3, 4)]
Iter 1 -> contraintes saturées : [(0, 1), (1, 2), (2, 3), (3, 4), (4, 5), (1, 2), (2, 3), (3, 4)]
Iter 2 -> contraintes saturées : [(0, 1), (1, 2), (2, 3), (3, 4), (4, 5), (1, 2), (2, 3), (3, 4)]
Iter 3 -> contraintes saturées : [(0, 1), (1, 2), (2, 3), (3, 4), (4, 5), (1, 2), (2, 3), (3, 4), (2, 3)]
Iter 4 -> contraintes saturées : [(0, 1), (1, 2), (2, 3), (3, 4), (4, 5), (1, 2), (2, 3), (3, 4), (2, 3)]
Iter 5 -> contraintes saturées : [(0, 1), (1, 2), (2, 3), (3, 4), (4, 5), (1, 2), (2, 3), (3, 4), (2, 3)]
Total constraints added: 9
[8, 8, 8, 9, 9, 9]

Test 2 :
Iter 0 -> contraintes saturées : [(0, 1), (1, 2), (2, 3), (3, 4), (4, 5), (0, 1), (1, 2), (2, 3), (3, 4)]
Iter 1 -> contraintes saturées : [(0, 1), (1, 2), (2, 3), (3, 4), (4, 5), (0, 1), (1, 2), (2, 3), (3, 4)]
Iter 2 -> contraintes saturées : [(0, 1), (1, 2), (2, 3), (3, 4), (4, 5), (0, 1), (1, 2), (2, 3), (3, 4), (2, 3)]
Iter 3 -> contraintes saturées : [(0, 1), (1, 2), (2, 3), (3, 4), (4, 5), (0, 1), (1, 2), (2, 3), (3, 4), (2, 3)]
Iter 4 -> contraintes saturées : [(0, 1), (1, 2), (2, 3), (3, 4), (4, 5), (0, 1), (1, 2), (2, 3), (3, 4), (2, 3), (0, 1)]
Iter 5 -> contraintes saturées : [(0, 1), (1, 2), (2, 3), (3, 4), (4, 5), (0, 1), (1, 2), (2, 3), (3, 4), (2, 3), (0, 1)]
Total constraints added: 11
[9, 9, 10, 10, 11, 11]

Test 3 :
Iter 0 -> contraintes saturées : [(0, 1), (1, 2), (2, 3), (3, 4), (4, 5), (0, 1), (1, 2), (2, 3), (3, 4), (1, 2), (2, 3)]
Iter 1 -> contraintes saturées : [(0, 1), (1, 2), (2, 3), (3, 4), (4, 5), (0, 1), (1, 2), (2, 3), (3, 4), (1, 2), (2, 3)]
Iter 2 -> contraintes saturées : [(0, 1), (1, 2), (2, 3), (3, 4), (4, 5), (0, 1), (1, 2), (2, 3), (3, 4), (1, 2), (2, 3), (0, 1)]
Iter 3 -> contraintes saturées : [(0, 1), (1, 2), (2, 3), (3, 4), (4, 5), (0, 1), (1, 2), (2, 3), (3, 4), (1, 2), (2, 3), (0, 1)]
Iter 4 -> contraintes saturées : [(0, 1), (1, 2), (2, 3), (3, 4), (4, 5), (0, 1), (1, 2), (2, 3), (3, 4), (1, 2), (2, 3), (0, 1)]
Iter 5 -> contraintes saturées : [(0, 1), (1, 2), (2, 3), (3, 4), (4, 5), (0, 1), (1, 2), (2, 3), (3, 4), (1, 2), (2, 3), (0, 1)]
Total constraints added: 12
[11, 11, 12, 12, 12, 12]

Note :
- Toutes les contraintes ajoutées sont saturées
- Toutes les contraintes ajoutées ont des composantes z strictement positives